sun|||1|||0|||1|||0
sets|||1|||0|||2|||0
behind|||1|||0|||3|||0
painting|||1|||0|||6|||0
sky|||1|||0|||8|||0
orange|||1|||0|||12|||0
opened|||1|||1|||1|||0
book|||1|||1|||3|||0
lost|||1|||1|||5|||0
herself|||1|||1|||6|||0
world|||1|||1|||9|||0
fantasy|||1|||1|||11|||0
city|||1|||2|||1|||0
lights|||1|||2|||2|||0
stars|||1|||2|||8|||0
scattered|||1|||2|||9|||0
across|||1|||2|||10|||0
Technology|||1|||3|||0|||0
changed|||1|||3|||2|||0
way|||1|||3|||4|||0
each|||1|||3|||11|||0
The|||1|||0|||0|||1
the|||1|||0|||4|||1
mountains,|||1|||0|||5|||1
the|||2|||0|||7|||1
in|||1|||0|||9|||1
shades|||1|||0|||10|||1
of|||1|||0|||11|||1
and|||1|||0|||13|||1
pink.|||1|||0|||14|||1
She|||1|||1|||0|||1
the|||3|||1|||2|||1
and|||2|||1|||4|||1
in|||2|||1|||7|||1
a|||1|||1|||8|||1
of|||2|||1|||10|||1
and|||3|||1|||12|||1
adventure.|||1|||1|||13|||1
The|||2|||2|||0|||1
sparkled|||1|||2|||3|||1
in|||3|||2|||4|||1
the|||4|||2|||5|||1
distance,|||1|||2|||6|||1
like|||1|||2|||7|||1
the|||5|||2|||11|||1
horizon.|||1|||2|||12|||1
has|||1|||3|||1|||1
the|||6|||3|||3|||1
we|||1|||3|||5|||1
live,|||1|||3|||6|||1
work,|||1|||3|||7|||1
and|||4|||3|||8|||1
communicate|||1|||3|||9|||1
with|||1|||3|||10|||1
