scattered|||1|||2|||9|||0
mountains,|||1|||0|||5|||1
pink.|||1|||0|||14|||1
adventure.|||1|||1|||13|||1
distance,|||1|||2|||6|||1
horizon.|||1|||2|||12|||1
live,|||1|||3|||6|||1
work,|||1|||3|||7|||1
of|||1|||0|||11|||2
of|||2|||1|||10|||2
The|||1|||0|||0|||3
the|||1|||0|||4|||3
the|||2|||0|||7|||3
the|||3|||1|||2|||3
The|||2|||2|||0|||3
the|||4|||2|||5|||3
the|||5|||2|||11|||3
the|||6|||3|||3|||3
sun|||1|||0|||1|||4
sky|||1|||0|||8|||4
orange|||1|||0|||12|||4
world|||1|||1|||9|||4
city|||1|||2|||1|||4
lights|||1|||2|||2|||4
stars|||1|||2|||8|||4
Technology|||1|||3|||0|||4
behind|||1|||0|||3|||5
in|||1|||0|||9|||5
in|||2|||1|||7|||5
in|||3|||2|||4|||5
across|||1|||2|||10|||5
painting|||1|||0|||6|||6
fantasy|||1|||1|||11|||6
opened|||1|||1|||1|||7
changed|||1|||3|||2|||7
sets|||1|||0|||2|||8
shades|||1|||0|||10|||8
and|||1|||0|||13|||8
She|||1|||1|||0|||8
book|||1|||1|||3|||8
and|||2|||1|||4|||8
herself|||1|||1|||6|||8
a|||1|||1|||8|||8
and|||3|||1|||12|||8
sparkled|||1|||2|||3|||8
like|||1|||2|||7|||8
has|||1|||3|||1|||8
way|||1|||3|||4|||8
we|||1|||3|||5|||8
and|||4|||3|||8|||8
communicate|||1|||3|||9|||8
with|||1|||3|||10|||8
each|||1|||3|||11|||8
lost|||1|||1|||5|||9
