sets|||1|||0|||2|||0
behind|||1|||0|||3|||0
painting|||1|||0|||6|||0
in|||1|||0|||9|||0
of|||1|||0|||11|||0
opened|||1|||1|||1|||0
lost|||1|||1|||5|||0
herself|||1|||1|||6|||0
in|||2|||1|||7|||0
of|||2|||1|||10|||0
in|||3|||2|||4|||0
like|||1|||2|||7|||0
scattered|||1|||2|||9|||0
across|||1|||2|||10|||0
changed|||1|||3|||2|||0
way|||1|||3|||4|||0
we|||1|||3|||5|||0
with|||1|||3|||10|||0
each|||1|||3|||11|||0
the|||1|||0|||4|||1
the|||2|||0|||7|||1
shades|||1|||0|||10|||1
the|||3|||1|||2|||1
a|||1|||1|||8|||1
sparkled|||1|||2|||3|||1
the|||4|||2|||5|||1
the|||5|||2|||11|||1
the|||6|||3|||3|||1
communicate|||1|||3|||9|||1
sun|||1|||0|||1|||2
sky|||1|||0|||8|||2
orange|||1|||0|||12|||2
lights|||1|||2|||2|||2
stars|||1|||2|||8|||2
mountains,|||1|||0|||5|||3
and|||1|||0|||13|||3
pink.|||1|||0|||14|||3
and|||2|||1|||4|||3
and|||3|||1|||12|||3
adventure.|||1|||1|||13|||3
distance,|||1|||2|||6|||3
horizon.|||1|||2|||12|||3
live,|||1|||3|||6|||3
work,|||1|||3|||7|||3
and|||4|||3|||8|||3
The|||1|||0|||0|||4
She|||1|||1|||0|||4
The|||2|||2|||0|||4
Technology|||1|||3|||0|||4
has|||1|||3|||1|||4
book|||1|||1|||3|||5
world|||1|||1|||9|||5
fantasy|||1|||1|||11|||5
city|||1|||2|||1|||5
